0 0.479858 0.811163 0.067393 0.228482 0.269725
0 0.527996 0.62337 0.0217887 0.152321 0.278297
0 0.616418 0.365415 0.046871 0.239437 0.325469
0 0.611857 0.675795 0.0684064 0.407407 0.342691
0 0.844375 0.729525 0.011021 0.0641628 0.372344
0 0.672916 0.54434 0.0253357 0.146583 0.387954
0 0.0962123 0.34481 0.0153281 0.084507 0.395844
0 0.370218 0.61085 0.0348366 0.194053 0.407401
0 0.332151 0.323161 0.0131746 0.0568597 0.419322
0 0.501773 0.328638 0.0326831 0.113719 0.435116
0 0.469534 0.511737 0.0310362 0.232655 0.449153
0 0.31771 0.744653 0.0418039 0.23109 0.455006
0 0.118824 0.443401 0.0268558 0.249348 0.5106
0 0.566 0.443923 0.0298961 0.257694 0.525013
0 0.349949 0.315597 0.0117811 0.0699009 0.532664
0 0.658031 0.359416 0.0186217 0.155451 0.535519
0 0.464593 0.327074 0.0236889 0.0855503 0.589176
0 0.164555 0.359416 0.0202686 0.134585 0.599771
0 0.314099 0.294471 0.0143147 0.0526865 0.684173
0 0.139473 0.327334 0.0207753 0.096505 0.703864
0 0.321827 0.484872 0.0533316 0.24361 0.706955
0 0.869648 0.693532 0.0306562 0.23735 0.719358
0 0.215353 0.348722 0.0238156 0.0944184 0.738614
0 0.056942 0.408712 0.0295161 0.250913 0.756169
0 0.370788 0.380543 0.0250823 0.164319 0.762398
0 0.686344 0.31638 0.0157081 0.0892019 0.775731
0 0.548265 0.297861 0.017735 0.0699009 0.787167
0 0.24658 0.365415 0.0219154 0.163276 0.819455
0 0.295604 0.311424 0.0198885 0.0782473 0.863709
0 0.42507 0.31638 0.0165949 0.0933751 0.867288
0 0.74924 0.350809 0.0249557 0.128847 0.872202
0 0.888333 0.445227 0.0424373 0.215441 0.93141
0 0.611984 0.598331 0.0701799 0.741784 0.436608
0 0.331961 0.321596 0.0127945 0.0558164 0.257632
0 0.293007 0.314815 0.0192551 0.0725091 0.33947
0 0.371611 0.378456 0.0231822 0.166406 0.341441
0 0.465353 0.331247 0.0231822 0.0876369 0.423795
0 0.478655 0.628586 0.0710666 0.625978 0.448424
0 0.112807 0.378717 0.0178617 0.109546 0.508572
0 0.0564353 0.364111 0.0247023 0.170057 0.538604
0 0.245946 0.366197 0.0231822 0.172144 0.575796
0 0.162909 0.36385 0.0217887 0.140323 0.662458
0 0.750697 0.348983 0.0271092 0.130412 0.664665
0 0.215163 0.347679 0.0247023 0.096505 0.670142
0 0.13827 0.345331 0.0221687 0.132499 0.721008
0 0.611857 0.615023 0.0732202 0.733438 0.760807
0 0.32037 0.605634 0.0557385 0.495566 0.810926
0 0.884596 0.58242 0.060299 0.495044 0.892567
0 0.331961 0.321596 0.0127945 0.0558164 0.257632
0 0.293007 0.314815 0.0192551 0.0725091 0.33947
0 0.371611 0.378456 0.0231822 0.166406 0.341441
0 0.465353 0.331247 0.0231822 0.0876369 0.423795
0 0.478655 0.628586 0.0710666 0.625978 0.448424
0 0.112807 0.378717 0.0178617 0.109546 0.508572
0 0.0564353 0.364111 0.0247023 0.170057 0.538604
0 0.245946 0.366197 0.0231822 0.172144 0.575796
0 0.162909 0.36385 0.0217887 0.140323 0.662458
0 0.750697 0.348983 0.0271092 0.130412 0.664665
0 0.215163 0.347679 0.0247023 0.096505 0.670142
0 0.13827 0.345331 0.0221687 0.132499 0.721008
0 0.611857 0.615023 0.0732202 0.733438 0.760807
0 0.32037 0.605634 0.0557385 0.495566 0.810926
0 0.884596 0.58242 0.060299 0.495044 0.892567
0 0.331961 0.321596 0.0127945 0.0558164 0.257632
0 0.293007 0.314815 0.0192551 0.0725091 0.33947
0 0.371611 0.378456 0.0231822 0.166406 0.341441
0 0.465353 0.331247 0.0231822 0.0876369 0.423795
0 0.478655 0.628586 0.0710666 0.625978 0.448424
0 0.112807 0.378717 0.0178617 0.109546 0.508572
0 0.0564353 0.364111 0.0247023 0.170057 0.538604
0 0.245946 0.366197 0.0231822 0.172144 0.575796
0 0.162909 0.36385 0.0217887 0.140323 0.662458
0 0.750697 0.348983 0.0271092 0.130412 0.664665
0 0.215163 0.347679 0.0247023 0.096505 0.670142
0 0.13827 0.345331 0.0221687 0.132499 0.721008
0 0.611857 0.615023 0.0732202 0.733438 0.760807
0 0.32037 0.605634 0.0557385 0.495566 0.810926
0 0.884596 0.58242 0.060299 0.495044 0.892567
0 0.331961 0.321596 0.0127945 0.0558164 0.257632
0 0.293007 0.314815 0.0192551 0.0725091 0.33947
0 0.371611 0.378456 0.0231822 0.166406 0.341441
0 0.465353 0.331247 0.0231822 0.0876369 0.423795
0 0.478655 0.628586 0.0710666 0.625978 0.448424
0 0.112807 0.378717 0.0178617 0.109546 0.508572
0 0.0564353 0.364111 0.0247023 0.170057 0.538604
0 0.245946 0.366197 0.0231822 0.172144 0.575796
0 0.162909 0.36385 0.0217887 0.140323 0.662458
0 0.750697 0.348983 0.0271092 0.130412 0.664665
0 0.215163 0.347679 0.0247023 0.096505 0.670142
0 0.13827 0.345331 0.0221687 0.132499 0.721008
0 0.611857 0.615023 0.0732202 0.733438 0.760807
0 0.32037 0.605634 0.0557385 0.495566 0.810926
0 0.884596 0.58242 0.060299 0.495044 0.892567
0 0.465353 0.331247 0.0231822 0.0876369 0.423795
0 0.478655 0.628586 0.0710666 0.625978 0.448424
0 0.112807 0.378717 0.0178617 0.109546 0.508572
0 0.0564353 0.364111 0.0247023 0.170057 0.538604
0 0.245946 0.366197 0.0231822 0.172144 0.575796
0 0.162909 0.36385 0.0217887 0.140323 0.662458
0 0.750697 0.348983 0.0271092 0.130412 0.664665
0 0.215163 0.347679 0.0247023 0.096505 0.670142
0 0.13827 0.345331 0.0221687 0.132499 0.721008
0 0.611857 0.615023 0.0732202 0.733438 0.760807
0 0.32037 0.605634 0.0557385 0.495566 0.810926
0 0.884596 0.58242 0.060299 0.495044 0.892567
0 0.500253 0.489045 0.03623 0.415754 0.410499
0 0.465353 0.331247 0.0231822 0.0876369 0.423795
0 0.478655 0.628586 0.0710666 0.625978 0.448424
0 0.112807 0.378717 0.0178617 0.109546 0.508572
0 0.0564353 0.364111 0.0247023 0.170057 0.538604
0 0.245946 0.366197 0.0231822 0.172144 0.575796
0 0.162909 0.36385 0.0217887 0.140323 0.662458
0 0.750697 0.348983 0.0271092 0.130412 0.664665
0 0.215163 0.347679 0.0247023 0.096505 0.670142
0 0.13827 0.345331 0.0221687 0.132499 0.721008
0 0.611857 0.615023 0.0732202 0.733438 0.760807
0 0.32037 0.605634 0.0557385 0.495566 0.810926
0 0.884596 0.58242 0.060299 0.495044 0.892567
0 0.500253 0.489045 0.03623 0.415754 0.410499
0 0.465353 0.331247 0.0231822 0.0876369 0.423795
0 0.478655 0.628586 0.0710666 0.625978 0.448424
0 0.112807 0.378717 0.0178617 0.109546 0.508572
0 0.0564353 0.364111 0.0247023 0.170057 0.538604
0 0.245946 0.366197 0.0231822 0.172144 0.575796
0 0.162909 0.36385 0.0217887 0.140323 0.662458
0 0.750697 0.348983 0.0271092 0.130412 0.664665
0 0.215163 0.347679 0.0247023 0.096505 0.670142
0 0.13827 0.345331 0.0221687 0.132499 0.721008
0 0.611857 0.615023 0.0732202 0.733438 0.760807
0 0.32037 0.605634 0.0557385 0.495566 0.810926
0 0.884596 0.58242 0.060299 0.495044 0.892567
0 0.500253 0.489045 0.03623 0.415754 0.410499
0 0.465353 0.331247 0.0231822 0.0876369 0.423795
0 0.478655 0.628586 0.0710666 0.625978 0.448424
0 0.112807 0.378717 0.0178617 0.109546 0.508572
0 0.0564353 0.364111 0.0247023 0.170057 0.538604
0 0.245946 0.366197 0.0231822 0.172144 0.575796
0 0.162909 0.36385 0.0217887 0.140323 0.662458
0 0.750697 0.348983 0.0271092 0.130412 0.664665
0 0.215163 0.347679 0.0247023 0.096505 0.670142
0 0.13827 0.345331 0.0221687 0.132499 0.721008
0 0.611857 0.615023 0.0732202 0.733438 0.760807
0 0.32037 0.605634 0.0557385 0.495566 0.810926
0 0.884596 0.58242 0.060299 0.495044 0.892567
0 0.500253 0.489045 0.03623 0.415754 0.410499
0 0.465353 0.331247 0.0231822 0.0876369 0.423795
0 0.478655 0.628586 0.0710666 0.625978 0.448424
0 0.112807 0.378717 0.0178617 0.109546 0.508572
0 0.0564353 0.364111 0.0247023 0.170057 0.538604
0 0.245946 0.366197 0.0231822 0.172144 0.575796
0 0.162909 0.36385 0.0217887 0.140323 0.662458
0 0.750697 0.348983 0.0271092 0.130412 0.664665
0 0.215163 0.347679 0.0247023 0.096505 0.670142
0 0.13827 0.345331 0.0221687 0.132499 0.721008
0 0.611857 0.615023 0.0732202 0.733438 0.760807
0 0.32037 0.605634 0.0557385 0.495566 0.810926
0 0.884596 0.58242 0.060299 0.495044 0.892567
